[keybinds]

ui_left=65
ui_right=68
ui_up=87
ui_down=83
shift_dodge=16777237
spell_1=81
spell_2=69
console=96
minimap=16777218

[SFX]

music=-3.13534
sound=-6.66964
